53,2
52,6
52,5
52,4
52,3
52,2
51,4
51,3
4,3
51,2
51,0
34,7
34,6
34,5
34,4
34,3
34,2
34,0
17,9
17,8
17,7
17,6
17,5
17,4
17,3
17,2
17,0
14,5
14,4
14,3
14,2
14,0
2,72
2,71
2,70
2,69
2,68
2,67
2,65
2,64
2,35
2,34
2,33
2,32
2,31
2,30
2,29
2,28
2,27
2,23
2,22
2,21
2,19
2,18
2,17
2,16
2,15
2,14
2,13
2,11
376,7
222,44
376,1
376,3
376,0
2,10
2,8
2,6
2,5
2,66
2,2
2,3
2,1
2,0
1,6
1,3
0,485
0,484
222,1
0,483
0,479
0,477
0,475
0,474
0,473
222,3
0,460
0,459
222,0
0,472
0,470
0,469
0,466
0,465
0,461
0,476
0,447
0,445
0,413
0,410
0,392
0,322
0,243
0,9
0,0
0,1
0,310
0,305
0,481
0,399
0,432
0,407
0,403
0,446
0,422
0,464
0,486
0,468
0,455
0,462
0,478
0,463
0,308
0,304
0,303
0,302
0,307
0,444
0,12
0,391
0,10
0,454
0,8
0,449
0,300
0,411
0,299
0,409
0,298
0,408
0,297
0,431
0,296
0,448
0,295
0,406
0,294
0,405
0,293
0,404
0,292
0,430
0,291
0,458
0,290
0,402
0,289
0,401
0,288
0,429
0,287
0,400
0,286
0,471
0,285
0,398
0,284
0,428
0,283
0,397
0,282
0,396
0,281
53,3
53,4
53,6
62,2
62,4
62,5
63,3
63,5
63,6
63,8
63,9
63,11
91,3
91,4
91,6
91,7
91,9
92,2
92,4
92,6
92,7
92,9
92,10
92,12
92,14
92,15
92,17
92,18
92,20
93,2
93,4
93,6
93,7
93,9
93,10
93,12
93,14
93,15
93,17
93,18
93,20
93,21
93,23
95,3
95,4
95,6
97,2
97,4
97,6
97,7
104,2
104,3
104,5
105,3
105,4
105,6
105,7
105,9
109,2
109,4
118,2
118,3
118,5
131,4
131,6
131,14
136,2
136,4
136,5
136,7
136,8
136,10
136,12
136,13
138,2
138,3
138,5
138,7
151,2
151,4
151,5
151,7
151,8
151,10
153,3
153,4
154,4
154,5
156,3
171,2
171,3
172,3
172,4
173,2
173,4
173,5
173,7
173,8
178,2
178,3
178,5
178,7
178,8
178,10
178,11
179,3
179,5
179,6
179,8
179,9
179,11
184,2
184,4
215,2
215,3
216,0
216,1
216,3
216,5
217,0
217,2
217,3
218,1
218,2
218,4
218,6
219,0
219,2
219,3
219,5
219,7
219,8
220,1
220,2
220,4
221,0
221,2
222,2
222,4
222,6
222,7
222,9
222,11
222,12
222,14
222,15
222,17
222,19
222,20
222,22
222,23
222,25
222,26
222,28
222,30
222,31
222,33
222,34
222,36
222,38
222,39
222,41
222,42
223,0
223,1
223,3
224,0
224,1
224,3
224,4
225,0
225,2
225,3
226,0
226,1
226,3
226,4
227,1
227,3
227,4
227,6
227,7
228,1
228,3
228,4
228,6
229,0
229,2
229,4
230,0
230,2
230,3
230,5
231,0
231,2
231,4
231,5
232,0
232,1
232,3
233,0
233,1
233,3
233,4
233,6
234,0
234,2
234,4
234,5
235,0
235,1
235,3
235,5
236,0
236,2
236,3
236,5
237,0
237,2
237,4
237,5
237,7
238,0
238,2
238,4
238,5
239,0
239,1
239,3
239,4
240,0
240,2
240,3
241,0
241,1
241,3
242,1
242,2
242,4
243,0
243,2
243,4
243,5
243,7
244,0
244,2
244,3
244,5
245,0
245,1
245,3
245,4
245,6
246,1
246,2
246,4
246,5
247,1
247,2
247,4
248,1
248,2
248,4
249,0
249,2
249,4
249,5
250,0
250,1
250,3
251,0
251,2
251,4
252,0
252,2
252,3
253,0
253,2
253,3
254,0
254,1
254,3
255,1
255,2
255,4
256,0
256,2
256,3
257,0
257,2
257,3
258,1
258,2
258,4
259,1
259,2
259,4
260,0
260,2
260,3
261,0
261,2
261,3
262,0
262,1
262,3
262,5
263,0
263,2
263,3
264,0
264,1
264,3
265,0
265,1
265,3
265,4
266,0
266,2
266,3
267,0
267,1
267,3
268,0
268,1
268,3
269,0
269,2
269,3
269,5
270,0
270,1
270,3
270,4
271,1
271,3
271,4
272,0
272,1
272,3
272,4
272,6
272,8
272,9
272,11
272,12
272,14
272,16
272,17
272,19
272,20
272,22
272,23
272,25
272,27
272,28
272,30
272,31
273,0
273,2
273,3
274,0
274,1
274,3
275,0
275,2
275,4
276,0
276,2
276,3
276,5
276,7
277,0
277,2
277,3
278,1
278,3
278,4
279,0
279,1
279,3
279,4
280,0
280,2
280,3
280,5
281,0
281,2
281,4
281,5
282,1
282,2
282,4
282,5
283,1
283,3
283,4
283,6
283,7
284,0
284,2
284,3
284,5
284,6
285,1
285,2
285,4
286,1
286,2
286,4
287,0
287,2
287,4
288,0
288,2
288,3
289,0
289,2
289,3
290,0
290,1
290,3
290,4
291,1
291,3
291,4
292,1
292,2
292,4
293,1
293,2
293,4
294,0
294,2
294,3
295,0
295,2
295,3
296,0
296,1
296,3
297,0
297,1
297,3
297,4
297,6
297,7
297,9
298,1
298,2
298,4
299,0
299,2
299,4
300,0
300,2
300,3
300,5
300,6
301,1
301,3
301,4
301,6
301,7
302,1
302,3
302,4
303,0
303,1
303,3
304,0
304,1
304,3
304,4
304,6
304,7
305,1
305,3
305,4
306,1
306,2
306,4
307,1
307,2
307,4
307,5
308,0
308,1
308,3
309,0
309,1
309,3
309,4
310,1
310,3
310,4
311,1
311,2
311,4
312,0
312,2
312,4
312,5
313,1
313,2
313,4
314,1
314,2
314,4
314,5
315,1
315,3
316,0
316,2
316,3
317,0
317,1
317,3
318,1
318,2
318,4
319,0
319,2
319,4
320,0
320,2
320,3
321,0
321,1
321,3
321,5
321,6
321,8
322,0
322,2
322,4
323,0
323,2
323,3
323,5
324,0
324,2
324,4
324,5
325,0
325,1
325,3
326,0
326,1
326,3
326,4
327,1
327,2
327,4
328,0
328,1
328,3
328,4
329,0
329,2
329,3
329,5
329,6
330,0
330,2
330,3
331,1
331,2
331,4
331,5
331,7
332,1
332,2
332,4
333,0
333,2
333,4
333,5
334,0
334,1
334,3
335,0
335,2
336,0
336,1
336,3
337,0
337,2
338,0
338,1
338,3
338,4
339,1
339,2
339,4
340,1
340,2
340,4
340,5
341,1
341,3
341,4
342,0
342,1
342,3
342,5
342,6
343,1
343,2
343,4
343,5
344,0
344,2
344,3
344,5
344,6
345,1
345,3
345,4
345,6
346,0
346,2
346,3
346,5
346,7
346,8
346,10
347,0
347,2
347,4
347,5
347,7
347,8
347,10
347,11
347,13
347,15
347,16
347,18
347,19
347,21
347,23
347,24
347,26
347,27
347,29
347,31
347,32
347,34
347,35
347,37
347,38
348,0
348,2
348,3
348,5
349,0
349,2
349,4
349,5
350,0
350,1
350,3
350,4
351,1
351,3
351,4
351,6
351,7
352,0
352,2
352,3
353,0
353,1
353,3
353,4
354,0
354,2
354,3
355,0
355,1
355,3
356,0
356,1
356,3
356,4
356,6
356,7
357,1
357,3
357,4
357,6
358,0
358,2
358,4
358,5
359,1
359,2
359,4
360,0
360,1
360,3
360,4
360,6
361,0
361,2
361,4
361,5
362,0
362,1
362,3
362,5
363,0
363,2
363,3
363,5
364,0
364,2
364,4
364,5
365,0
365,1
365,3
366,1
366,2
367,0
367,1
367,3
368,0
368,2
369,0
369,1
369,3
370,0
370,2
371,0
371,1
371,3
372,0
372,2
373,0
373,1
373,3
374,0
374,2
374,3
375,1
375,3
376,2
376,5
376,6
377,0
377,2
377,3
377,5
377,6
378,1
378,2
378,4
378,6
379,0
379,2
379,3
379,5
379,7
380,0
380,2
380,3
380,5
380,6
381,0
381,2
381,3
381,5
381,6
382,0
382,2
382,3
382,5
382,6
383,1
383,2
383,4
384,1
384,2
384,4
384,5
385,1
385,3
385,4
385,6
386,0
386,2
387,0
387,1
387,3
387,4
387,6
387,7
388,1
388,3
388,4
389,0
389,1
389,3
390,1
390,2
390,4
391,0
391,2
391,3
391,5
391,7
392,0
392,2
392,3
392,5
393,1
393,2
393,4
393,5
394,1
394,2
394,4
395,1
395,2
395,4
396,0
396,2
396,4
396,5
397,1
397,2
398,0
398,2
398,3
399,1
399,2
399,4
400,0
400,2
400,4
400,5
401,0
401,1
401,3
401,5
401,6
402,1
402,2
403,0
403,1
403,3
403,5
403,6
404,1
404,2
404,4
404,6
404,7
405,1
405,2
406,0
406,1
406,3
406,5
407,0
407,2
407,3
407,5
408,1
408,2
408,4
408,5
409,1
409,2
409,4
410,1
410,2
410,4
410,5
410,7
411,1
411,2
411,4
411,5
412,1
412,3
412,4
413,0
413,1
413,3
413,4
414,0
414,2
414,3
414,5
415,0
415,2
416,0
416,1
416,3
416,4
416,6
416,7
416,9
416,11
416,12
416,14
416,15
416,17
416,19
416,20
416,22
416,23
416,25
417,0
417,2
417,4
418,0
418,2
418,3
418,5
418,7
418,8
418,10
418,11
418,13
418,15
418,16
418,18
419,0
419,2
419,3
419,5
420,0
420,1
420,3
420,4
420,6
421,0
421,1
421,3
422,0
422,2
422,3
423,0
423,2
423,3
424,1
424,2
424,4
424,6
425,0
425,2
425,3
426,0
426,1
426,3
427,0
427,1
427,3
427,4
428,0
428,2
428,3
428,5
429,0
429,2
429,4
430,0
430,2
430,3
430,5
431,0
431,2
432,0
432,1
432,3
432,4
433,0
433,2
433,3
433,5
434,0
434,2
434,3
435,0
435,2
435,3
436,0
436,1
436,3
437,0
437,1
437,3
437,4
437,6
438,0
438,2
438,4
438,5
439,0
439,1
439,3
439,5
440,0
440,2
440,3
440,5
440,6
441,1
441,3
441,4
442,1
442,2
442,4
443,1
443,2
443,4
444,0
444,2
444,4
445,0
445,2
445,3
446,0
446,1
446,3
446,5
447,0
447,2
447,3
448,0
448,2
448,3
449,0
449,1
449,3
449,4
449,2
448,4
448,1
447,4
447,1
446,4
446,2
445,4
445,1
444,3
444,1
443,3
443,0
442,3
442,0
441,2
441,0
440,4
440,1
439,4
439,2
438,6
438,3
438,1
437,5
437,2
436,4
436,2
435,4
435,1
434,4
434,1
433,4
433,1
432,5
432,2
431,3
431,1
430,4
430,1
429,3
429,1
428,4
428,1
427,5
427,2
426,4
426,2
425,4
425,1
424,5
424,3
424,0
423,1
422,4
422,1
421,2
420,7
420,5
420,2
419,6
419,4
419,1
418,17
418,14
418,12
418,9
418,6
418,4
418,1
417,3
417,1
416,24
416,21
416,18
416,16
416,13
416,10
416,8
416,5
416,2
415,3
415,1
414,4
414,1
413,5
413,2
412,5
412,2
412,0
411,3
411,0
410,6
410,3
410,0
409,3
409,0
408,3
408,0
407,4
407,1
406,4
406,2
405,3
405,0
404,5
404,3
404,0
403,4
403,2
402,3
402,0
401,4
401,2
400,6
400,3
400,1
399,3
399,0
398,1
397,3
397,0
396,3
396,1
395,3
395,0
394,3
394,0
393,3
393,0
392,4
392,1
391,6
391,4
391,1
390,3
390,0
389,2
388,5
388,2
388,0
387,5
387,2
386,3
386,1
385,5
385,2
385,0
384,3
384,0
383,3
383,0
382,4
382,1
381,7
381,4
381,1
380,7
380,4
380,1
379,6
379,4
379,1
378,5
378,3
378,0
377,4
377,1
376,8
376,4
375,2
375,0
374,1
373,2
372,3
372,1
371,2
370,3
370,1
369,2
368,3
368,1
367,2
366,3
366,0
365,2
364,6
364,3
364,1
363,4
363,1
362,4
362,2
361,6
361,3
361,1
360,5
360,2
359,5
359,3
359,0
358,3
358,1
357,5
357,2
357,0
356,5
356,2
355,4
355,2
354,4
354,1
353,5
353,2
352,4
352,1
351,8
351,5
351,2
351,0
350,2
349,6
349,3
349,1
348,4
348,1
347,39
347,36
347,33
347,30
347,28
347,25
347,22
347,20
347,17
347,14
347,12
347,9
347,6
347,3
347,1
346,9
346,6
346,4
346,1
345,5
345,2
345,0
344,4
344,1
343,6
343,3
343,0
342,4
342,2
341,5
341,2
341,0
340,3
340,0
339,3
339,0
338,2
337,3
337,1
336,2
335,3
335,1
334,2
333,6
333,3
333,1
332,3
332,0
331,6
331,3
331,0
330,1
329,7
329,4
329,1
328,5
328,2
327,5
327,3
327,0
326,2
325,4
325,2
324,6
324,3
324,1
323,4
323,1
322,3
322,1
321,7
321,4
321,2
320,4
320,1
319,3
319,1
318,3
318,0
317,2
316,4
316,1
315,2
315,0
314,3
314,0
313,3
313,0
312,3
312,1
311,3
311,0
310,2
310,0
309,2
308,4
308,2
307,6
307,3
307,0
306,3
306,0
305,2
305,0
304,5
304,2
303,4
303,2
302,5
302,2
302,0
301,5
301,2
301,0
300,4
300,1
299,3
299,1
298,3
298,0
297,8
297,5
297,2
296,4
296,2
295,4
295,1
294,4
294,1
293,3
293,0
292,3
292,0
291,2
291,0
290,2
289,4
289,1
288,4
288,1
287,3
287,1
286,3
286,0
285,3
285,0
284,4
284,1
283,8
283,5
283,2
283,0
282,3
282,0
281,3
281,1
280,4
280,1
279,5
279,2
278,5
278,2
278,0
277,1
276,6
276,4
276,1
275,3
275,1
274,2
273,4
273,1
272,32
272,29
272,26
272,24
272,21
272,18
272,15
272,13
272,10
272,7
272,5
272,2
271,5
271,2
271,0
270,2
269,6
269,4
269,1
268,2
267,4
267,2
266,4
266,1
265,5
265,2
264,4
264,2
263,4
263,1
262,4
262,2
261,4
261,1
260,4
260,1
259,3
259,0
258,3
258,0
257,1
256,4
256,1
255,3
255,0
254,2
253,4
253,1
252,4
252,1
251,3
251,1
250,2
249,6
249,3
249,1
248,3
248,0
247,3
247,0
246,3
246,0
245,5
245,2
244,6
244,4
244,1
243,6
243,3
243,1
242,3
242,0
241,2
240,4
240,1
239,5
239,2
238,6
238,3
238,1
237,6
237,3
237,1
236,4
236,1
235,4
235,2
234,6
234,3
234,1
233,5
233,2
232,4
232,2
231,6
231,3
231,1
230,4
230,1
229,3
229,1
228,5
228,2
228,0
227,5
227,2
227,0
226,2
225,4
225,1
224,5
224,2
223,4
223,2
222,43
222,40
222,37
222,35
222,32
222,29
222,27
222,24
222,21
222,18
222,16
222,13
222,10
222,8
222,5
221,3
221,1
220,3
220,0
219,6
219,4
219,1
218,5
218,3
218,0
217,1
216,4
216,2
215,4
184,5
184,3
179,10
179,7
179,4
179,2
178,9
178,6
178,4
173,9
173,6
173,3
172,5
172,2
156,4
156,2
153,5
153,2
151,9
151,6
151,3
138,6
138,4
136,14
136,11
136,9
136,6
136,3
131,10
131,5
118,4
110,4
109,3
105,8
105,5
105,2
104,4
98,3
97,5
97,3
95,5
95,2
93,22
93,19
93,16
93,13
93,11
93,8
93,5
93,3
92,19
92,16
92,13
92,11
92,8
92,5
92,3
91,8
91,5
91,2
63,10
63,7
63,4
63,2
62,3
53,5
0,395
0,280
0,427
0,279
0,394
0,278
0,393
0,277
0,390
0,276
0,426
0,275
0,389
0,274
0,388
0,273
0,387
0,272
0,425
0,271
0,386
0,270
0,385
0,269
0,384
0,268
0,424
0,267
0,266
0,382
0,265
0,264
0,380
0,263
0,423
0,262
0,379
0,261
0,378
0,260
0,377
0,259
0,489
0,258
0,376
0,257
0,488
0,256
0,374
0,255
0,254
0,373
0,253
0,372
0,252
0,371
0,251
0,418
0,250
0,370
0,249
0,369
0,248
0,368
0,247
0,443
0,246
0,367
0,245
0,244
0,365
0,242
0,442
0,241
0,364
0,240
0,363
0,239
0,362
0,238
0,361
0,237
0,417
0,236
0,360
0,235
0,359
0,234
0,233
0,232
0,416
0,231
0,230
0,355
0,229
0,482
0,228
0,415
0,227
0,353
0,226
0,352
0,225
0,351
0,224
0,414
0,223
0,350
0,222
0,221
0,348
0,220
0,347
0,219
0,456
0,218
0,345
0,217
0,441
0,216
0,344
0,215
0,343
0,214
0,213
0,440
0,212
0,341
0,211
0,340
0,210
0,209
0,439
0,208
0,207
0,480
0,206
0,336
0,205
0,438
0,204
0,335
0,203
0,334
0,202
0,333
0,201
0,437
0,200
0,199
0,331
0,198
0,330
0,197
0,196
0,329
0,195
0,467
0,194
0,487
0,193
0,434
0,192
0,326
0,63
0,325
0,62
0,324
0,61
0,433
0,60
0,323
0,59
0,321
0,58
0,57
0,319
0,56
0,55
0,317
0,54
0,412
0,53
0,316
0,52
0,315
0,51
0,314
0,50
0,313
0,49
0,312
0,48
0,311
0,47
0,309
